0	정경대학	0	1	0	1	1
1	미디어관	1	1	0	0	1
2	우당교양관	0	1	0	1	1
3	학생회관	1	0	1	1	1
4	국제관	0	1	1	1	1
5	(문캠좌측중심)	0	0	0	0	0
6	문과대학	0	1	0	1	1
7	중앙광장	1	1	1	1	1
8	본관	0	0	0	0	0
9	100주년기념삼성관	1	1	0	1	0
10	LG-POSCO경영관	0	1	0	1	1
11	경영본관	0	0	0	0	0
12	현대자동차경영관	1	1	1	1	1
13	사범대학본관	0	0	0	1	1
14	중앙도서관	0	1	1	1	1
15	운초우선교육관	1	1	1	1	1
16	법학관구관	0	0	0	1	1
17	법학관신관	1	1	0	1	1
18	생명과학관동관	0	1	0	1	1
19	우정정보관	0	1	0	1	1
20	미래융합기술관	0	1	0	1	0
21	애기능생활관	0	1	0	1	1
22	생명과학대서관	0	1	0	1	0
23	하나과학관	1	1	0	1	1
24	아산이학관	0	1	0	1	0
25	산학관	0	1	1	1	0
26	하나스퀘어	1	1	1	1	1
27	공학관	0	1	0	1	1
28	과학도서관	0	1	0	1	1
29	창의관	0	1	0	1	0
30	로봇융합관	0	1	0	1	0
31	노벨광장	0	0	0	0	1
32	(구)제2공학관	0	0	0	0	0
33	안암역	1	0	0	0	0
 
